# CELL file written 16:05:17 (GMT+1.0) 30th March 2021 from run Co

%BLOCK lattice_cart
   ANG
       2.50078380000000        0.00000000000000        0.00000000000000    
      -1.25039190000000        2.16574230017258        0.00000000000000    
       0.00000000000000        0.00000000000000        4.03333100000000    
%ENDBLOCK lattice_cart

%BLOCK cell_constraints
      1   1   3
      0   0   0
%ENDBLOCK cell_constraints

%BLOCK positions_frac
   Co             0.666666666666666       0.333333333333332       0.750000000000000
   Co             0.333333333333332       0.666666666666666       0.250000000000000
%ENDBLOCK positions_frac

FIX_COM : true

%BLOCK species_pot
   Co      3|2.4|2.4|1.0|8|9|10|40:41:32U2U2(qc=5.5)
%ENDBLOCK species_pot

SYMMETRY_TOL :     0.001000

%BLOCK symmetry_ops
# Symm. op. 1       E
          1.000000000000000       0.000000000000000       0.000000000000000
         -0.000000000000000       1.000000000000000       0.000000000000000
          0.000000000000000       0.000000000000000       1.000000000000000
          0.000000000000000       0.000000000000000       0.000000000000000
# Symm. op. 2       I
         -1.000000000000000       0.000000000000000       0.000000000000000
          0.000000000000000      -1.000000000000000       0.000000000000000
          0.000000000000000       0.000000000000000      -1.000000000000000
         -0.000000000000002      -0.000000000000002       0.000000000000000
# Symm. op. 3     6_3
          0.500000000000000       0.866025403784439       0.000000000000000
         -0.866025403784439       0.500000000000000       0.000000000000000
          0.000000000000000       0.000000000000000       1.000000000000000
         -0.000000000000001       0.000000000000000       0.500000000000000
# Symm. op. 4      -6
         -0.500000000000000      -0.866025403784439       0.000000000000000
          0.866025403784439      -0.500000000000000       0.000000000000000
          0.000000000000000       0.000000000000000      -1.000000000000000
         -0.000000000000001      -0.000000000000002       0.500000000000000
# Symm. op. 5       3
         -0.500000000000000       0.866025403784439       0.000000000000000
         -0.866025403784439      -0.500000000000000       0.000000000000000
          0.000000000000000       0.000000000000000       1.000000000000000
         -0.000000000000002      -0.000000000000001       0.000000000000000
# Symm. op. 6      -3
          0.500000000000000      -0.866025403784439       0.000000000000000
          0.866025403784439       0.500000000000000       0.000000000000000
          0.000000000000000       0.000000000000000      -1.000000000000000
          0.000000000000000      -0.000000000000001       0.000000000000000
# Symm. op. 7     2_1
         -1.000000000000000       0.000000000000000       0.000000000000000
          0.000000000000000      -1.000000000000000       0.000000000000000
          0.000000000000000       0.000000000000000       1.000000000000000
         -0.000000000000002      -0.000000000000002       0.500000000000000
# Symm. op. 8       m
          1.000000000000000       0.000000000000000       0.000000000000000
         -0.000000000000000       1.000000000000000       0.000000000000000
          0.000000000000000       0.000000000000000      -1.000000000000000
          0.000000000000000       0.000000000000000       0.500000000000000
# Symm. op. 9       3
         -0.500000000000000      -0.866025403784439       0.000000000000000
          0.866025403784439      -0.500000000000000       0.000000000000000
          0.000000000000000       0.000000000000000       1.000000000000000
         -0.000000000000001      -0.000000000000002       0.000000000000000
# Symm. op. 10     -3
          0.500000000000000       0.866025403784439       0.000000000000000
         -0.866025403784439       0.500000000000000       0.000000000000000
          0.000000000000000       0.000000000000000      -1.000000000000000
         -0.000000000000001       0.000000000000000       0.000000000000000
# Symm. op. 11    6_3
          0.500000000000000      -0.866025403784439       0.000000000000000
          0.866025403784439       0.500000000000000       0.000000000000000
          0.000000000000000       0.000000000000000       1.000000000000000
          0.000000000000000      -0.000000000000001       0.500000000000000
# Symm. op. 12     -6
         -0.500000000000000       0.866025403784439       0.000000000000000
         -0.866025403784439      -0.500000000000000       0.000000000000000
          0.000000000000000       0.000000000000000      -1.000000000000000
         -0.000000000000002      -0.000000000000001       0.500000000000000
# Symm. op. 13      2
          0.500000000000000      -0.866025403784439       0.000000000000000
         -0.866025403784439      -0.500000000000000       0.000000000000000
          0.000000000000000       0.000000000000000      -1.000000000000000
         -0.000000000000002      -0.000000000000002       0.500000000000000
# Symm. op. 14      c
         -0.500000000000000       0.866025403784439       0.000000000000000
          0.866025403784439       0.500000000000000       0.000000000000000
          0.000000000000000       0.000000000000000       1.000000000000000
          0.000000000000000       0.000000000000000       0.500000000000000
# Symm. op. 15      2
         -0.500000000000000      -0.866025403784439       0.000000000000000
         -0.866025403784438       0.500000000000000       0.000000000000000
          0.000000000000000       0.000000000000000      -1.000000000000000
         -0.000000000000002      -0.000000000000001       0.000000000000000
# Symm. op. 16      m
          0.500000000000000       0.866025403784439       0.000000000000000
          0.866025403784438      -0.500000000000000       0.000000000000000
          0.000000000000000       0.000000000000000       1.000000000000000
          0.000000000000000      -0.000000000000001       0.000000000000000
# Symm. op. 17      2
         -1.000000000000000       0.000000000000000       0.000000000000000
          0.000000000000001       1.000000000000000       0.000000000000000
          0.000000000000000       0.000000000000000      -1.000000000000000
         -0.000000000000001       0.000000000000000       0.500000000000000
# Symm. op. 18      c
          1.000000000000000       0.000000000000000       0.000000000000000
         -0.000000000000001      -1.000000000000000       0.000000000000000
          0.000000000000000       0.000000000000000       1.000000000000000
         -0.000000000000001      -0.000000000000002       0.500000000000000
# Symm. op. 19      2
         -0.500000000000000       0.866025403784439       0.000000000000000
          0.866025403784439       0.500000000000000       0.000000000000000
          0.000000000000000       0.000000000000000      -1.000000000000000
          0.000000000000000       0.000000000000000       0.000000000000000
# Symm. op. 20      m
          0.500000000000000      -0.866025403784439       0.000000000000000
         -0.866025403784439      -0.500000000000000       0.000000000000000
          0.000000000000000       0.000000000000000       1.000000000000000
         -0.000000000000002      -0.000000000000002       0.000000000000000
# Symm. op. 21      2
          0.500000000000000       0.866025403784439       0.000000000000000
          0.866025403784438      -0.500000000000000       0.000000000000000
          0.000000000000000       0.000000000000000      -1.000000000000000
          0.000000000000000      -0.000000000000001       0.500000000000000
# Symm. op. 22      c
         -0.500000000000000      -0.866025403784439       0.000000000000000
         -0.866025403784438       0.500000000000000       0.000000000000000
          0.000000000000000       0.000000000000000       1.000000000000000
         -0.000000000000002      -0.000000000000001       0.500000000000000
# Symm. op. 23      2
          1.000000000000000       0.000000000000000       0.000000000000000
         -0.000000000000001      -1.000000000000000       0.000000000000000
          0.000000000000000       0.000000000000000      -1.000000000000000
         -0.000000000000001      -0.000000000000002       0.000000000000000
# Symm. op. 24      m
         -1.000000000000000       0.000000000000000       0.000000000000000
          0.000000000000001       1.000000000000000       0.000000000000000
          0.000000000000000       0.000000000000000       1.000000000000000
         -0.000000000000001       0.000000000000000       0.000000000000000
%ENDBLOCK symmetry_ops

kpoint_mp_grid :    5   5   3

spectral_kpoint_mp_grid :   15  15  15

